61
94
31
16
32
93
30
53
33
59
48
84
14
71
73
31
59
64
82
68
88
66
13
52
15
11
9
83
37
40
78
95
51
85
56
82
71
24
33
91
47
96
95
24
44
94
2
21
16
83
91
80
88
64
87
47
44
93
43
97
46
44
2
73
48
95
30
19
32
14
97
32
69
64
2
96
90
80
92
89
46
27
76
33
90
65
12
26
39
92
0
1
23
73
50
64
51
41
86
77
41
51
38
87
34
55
51
73
59
58
26
27
29
55
9
15
61
56
46
30
57
88
86
82
94
69
68
39
41
52
27
1
84
66
18
58
25
10
10
70
60
67
55
13
39
53
59
85
37
40
70
27
71
76
17
64
88
58
11
82
41
91
58
53
33
18
45
49
90
86
51
88
80
98
72
89
51
19
22
46
85
32
70
19
95
55
19
18
29
95
74
27
24
69
44
11
49
14
15
32
34
67
82
49
0
35
15
82
70
52
5
84
9
49
56
39
61
89
58
93
41
7
92
8
75
55
29
97
38
55
37
81
22
59
96
57
66
35
86
0
92
39
13
67
10
99
78
88
52
1
10
62
50
85
7
16
8
0
51
87
27
85
8
26
62
93
42
33
72
4
88
78
11
14
48
40
33
22
99
35
83
61
7
37
1
64
85
97
46
76
8
15
93
76
65
24
74
47
81
84
13
36
42
22
71
36
51
32
47
98
17
30
3
43
31
8
59
36
72
41
48
58
86
17
81
88
37
75
6
5
92
30
47
90
69
36
38
86
70
41
37
79
22
47
32
74
8
47
23
3
3
82
9
90
48
14
55
89
94
79
19
70
80
4
75
4
43
74
73
6
29
40
16
92
88
48
41
20
60
8
72
32
6
90
85
85
68
11
23
65
30
9
6
30
11
43
9
82
17
84
77
93
42
65
75
23
46
97
65
88
11
41
45
29
88
93
57
75
89
11
51
48
64
56
64
39
21
11
47
99
1
14
75
71
38
53
39
8
46
99
99
68
50
94
31
16
2
9
44
0
12
70
59
97
7
93
18
76
81
92
97
45
9
38
52
50
60
92
15
63
9
3
53
31
76
35
68
2
7
23
67
61
7
40
25
76
7
72
27
77
93
57
26
47
66
68
31
10
16
14
41
75
7
15
46
41
72
67
3
46
30
81
46
14
46
53
90
24
8
22
88
18
88
75
64
86
2
77
71
88
86
32
25
51
68
27
78
11
72
13
92
39
38
97
30
73
50
92
85
8
50
90
82
72
54
57
8
93
95
98
35
81
46
79
20
95
84
46
27
29
83
22
66
76
87
26
98
92
12
3
17
58
68
54
36
79
29
29
66
22
86
58
17
6
40
61
90
89
58
44
62
46
48
88
15
5
40
19
46
72
29
57
75
46
86
76
50
85
62
22
41
57
61
50
47
92
29
65
77
72
15
78
32
30
39
38
74
7
81
38
55
0
37
57
32
66
49
49
38
86
59
39
3
9
78
28
50
92
65
92
37
70
38
22
25
84
81
59
41
5
87
29
99
38
3
65
71
62
32
20
51
33
50
28
23
29
93
61
64
3
25
86
65
65
87
94
67
32
12
36
8
55
45
79
14
28
33
20
97
93
15
69
71
82
14
69
81
30
53
96
11
61
54
63
24
84
79
78
67
4
65
82
65
14
97
55
83
1
75
7
79
69
55
12
79
35
98
38
33
69
2
70
33
3
5
31
35
11
30
26
85
44
93
3
23
24
78
97
68
87
71
74
24
87
7
31
79
45
47
38
43
72
8
53
58
17
39
61
52
54
58
83
63
77
88
37
89
55
78
77
54
18
74
14
30
99
85
3
82
0
83
56
39
92
39
20
68
68
1
41
25
79
31
18
9
94
24
69
1
54
41
76
81
49
42
21
8
0
18
87
18
62
43
44
70
93
54
62
73
42
19
88
15
10
15
64
11
62
77
32
9
2
58
93
72
32
8
15
60
47
38
47
89
5
59
64
33
81
94
91
79
20
12
8
1
4
69
49
98
33
95
17
56
16
79
2
62
4
21
1
90
19
60
56
81
18
73
87
55
98
30
0
79
68
62
89
46
34
85
35
92
74
70
54
36
92
57
50
98
67
82
49
39
89
28
63
72
15
94
56
45
16
13
77
59
0
20
86
86
42
96
15
74
57
43
33
38
78
99
11
17
16
16
55
26
36
50
96
25
22
45
80
41
22
36
72
77
75
91
83
20
46
2
18
81
43
37
48
38
13
84
82
4
6
99
37
13
65
85
36
